2553204
3162047
4011197
4011199
4011205
4011206
4011220
4011233
4011242
4011244
4011245
4011247
4011250
4011257
4011264
4011265
4011266
4011267
4011268
4011270
4011271
4011276
4041676
4041678
4041679
4041681
4041687
4041689
4041690
4041691
4041693
4042723
4042895
4046184
4047206
4047211
4048951
4048952
4048953
4048954
4048955
4048956
4048957
4048958
4048959
4048960
4048961
4048962
4048968
4048970
4049164
4049179
4011095
4011277
4011575
4011590
4011614
4052978
4053577
4053578
4053579
4053580
4053581
4054517
4054518
4054519
4054521
4054522
3172510
3178662
4011146
4011201
4011213
4011215
4011221
4011273
4011564
4011569
4011574
4011580
4011602
4011605
4011607
4011610
4011611
4011622
4011623
4011625
4011626
4011627
4011630
4011631
4011632
4011633
4011635
4011636
4011637
4011638
4011639
4011640
4011643
4011644
4011651
4011656
4011657
4011659
4011660
4056887
4056898
4058702
4074596
4074591
4074590
4074592
4074588
4074598
4074598
4074587
4074587
4074595
4074595
4074595
4074595
4074595
4074736
4074736
3114874
4011610
4011707
3172459
4011690
4011143
4011574
4011686
4011711
4011697
4011682
4011659
4011651
4011643
4011700
4011684
4011646
4011664
4011668
4011685
4011571
4011187
4011676
4011663
4011679
4011672
4011681
4089187
4088879
4088786
4018309
4011730
4011727
4011715
4011711
4011707
4011697
4011695
4011690
4345459
4345424
4100347
4343897
4343909
4343887
4345593
4345592
4345591
4345590
4343899
4343896
4343888
4345682
4345681
4345680
4345679
4343902
4338380
4340937
4340939
4341832
4343674
4344104
4343205
4345397
4011686
4011682
4011674
4011665
4011200
4011143
3172459
3114874
4011628
4011717
4011719
4018288
4018311
4018319
4018328
4018330
4018337
4018339
4018347
4018350
4018353
4018354
4018355
4018357
4018359
4018360
4018362
4092946
4093107
4093108
4093109
4093110
4093111
4093112
4093115
4093119
4093122
4100480
4103712
4103715
4103716
4103721
4103723
4103726
4103727
4103729
4103731
4103768
4343205
4343885
4343887
4343892
4343897
4343899
4343902
4343909
4345679

